9236	HAT5	2.96
	A	A	A	G	A	A	A	A
A	3	21	25	0	0	24	1	0
C	13	1	0	0	5	0	0	0
G	4	0	0	0	0	1	0	2
T	5	3	0	25	20	0	24	23

9239	br(var.2)	2.0
	A	A	A	G	A	A	A	A
A	3	5	0	0	12	1	2	1
C	1	2	10	1	0	1	0	2
G	1	1	0	0	0	2	1	1
T	7	4	2	11	0	8	9	8

9252	E2F1	0.6
	A	A	A	G	A	A	A	A
A	0	0	0	0	0	0	0	0
C	0	0	0	4	2	10	0	9
G	0	0	0	6	8	0	10	1
T	10	10	10	0	0	0	0	0

9259	FOXD1	3.3000000000000003
	A	A	A	G	A	A	A	A
A	1	0	19	20	18	1	20	7
C	1	0	1	0	1	18	0	2
G	17	0	0	0	1	0	0	3
T	1	20	0	0	0	1	0	8

9260	FOXC1	2.375
	A	A	A	G	A	A	A	A
A	4	2	4	6	7	0	0	16
C	4	5	4	4	3	0	0	0
G	5	6	3	5	2	16	0	0
T	3	3	5	1	4	0	16	0

9261	FOXL1	3.217391304347826
	A	A	A	G	A	A	A	A
A	7	10	6	13	4	21	0	22
C	1	4	3	4	10	0	2	1
G	4	2	6	4	2	2	0	0
T	11	7	8	2	7	0	21	0

9295	Pax2	1.6774193548387095
	A	A	A	G	A	A	A	A
A	10	7	3	0	26	2	2	1
C	7	1	2	28	1	17	0	11
G	5	21	0	1	3	1	19	11
T	9	2	26	2	1	11	10	8

9327	JUN::FOS	1.6315789473684208
	A	A	A	G	A	A	A	A
A	5	0	0	18	1	1	6	18
C	2	0	1	1	6	1	13	0
G	12	0	18	0	9	0	0	0
T	0	19	0	0	3	17	0	1

9328	Myb	1.1176470588235294
	A	A	A	G	A	A	A	A
A	8	22	2	16	1	2	0	6
C	4	1	48	17	0	1	0	0
G	34	25	1	16	50	0	0	44
T	5	3	0	2	0	48	51	1

9346	Mafb	2.2
	A	A	A	G	A	A	A	A
A	0	1	0	1	12	3	3	2
C	0	12	3	0	2	8	1	5
G	15	1	1	12	0	1	7	5
T	0	1	11	2	1	3	4	3

9350	ARR10	2.4000000000000004
	A	A	A	G	A	A	A	A
A	14	0	14	0	4	1	0	3
C	1	0	0	0	6	8	0	6
G	0	15	1	0	0	0	9	4
T	0	0	0	15	5	6	6	2

9354	Nobox	2.6052631578947367
	A	A	A	G	A	A	A	A
A	0	36	38	1	2	15	4	2
C	1	0	0	1	0	0	12	13
G	0	0	0	2	4	22	18	6
T	37	2	0	34	32	1	4	17

9357	EmBP-1	1.7692307692307692
	A	A	A	G	A	A	A	A
A	9	1	13	0	0	0	0	0
C	0	7	0	12	0	0	1	1
G	0	4	0	0	13	0	12	12
T	4	1	0	1	0	13	0	0

9394	FEV	4.3076923076923075
	A	A	A	G	A	A	A	A
A	2	9	0	0	13	12	7	0
C	9	3	0	0	0	0	0	0
G	1	1	13	13	0	0	6	0
T	1	0	0	0	0	1	0	13

9395	FOXO3	3.153846153846154
	A	A	A	G	A	A	A	A
A	0	1	3	13	12	13	0	12
C	0	2	0	0	1	0	12	0
G	5	10	1	0	0	0	0	0
T	8	0	9	0	0	0	1	1

9396	HOXA5	2.3833333333333333
	A	A	A	G	A	A	A	A
A	2	7	0	6	14	14	0	0
C	13	0	7	0	0	0	0	1
G	0	5	5	1	0	2	0	6
T	0	4	4	9	2	0	16	9

9398	NR4A2	3.7032967032967035
	A	A	A	G	A	A	A	A
A	8	13	0	3	2	0	14	3
C	1	0	0	0	2	13	0	8
G	3	1	13	11	0	0	0	2
T	1	0	1	0	10	1	0	0

9404	CREB1	2.1818181818181817
	A	A	A	G	A	A	A	A
A	0	0	11	0	1	0	2	8
C	1	1	0	9	0	3	7	0
G	1	10	0	2	10	0	1	1
T	9	0	0	0	0	8	1	2

9426	HHEX	2.4615384615384617
	A	A	A	G	A	A	A	A
A	7	0	0	21	26	0	7	22
C	3	7	6	0	0	3	0	0
G	2	0	7	2	0	3	1	4
T	14	19	13	3	0	20	18	0

9440	nub	2.2727272727272725
	A	A	A	G	A	A	A	A
A	2	8	1	22	22	0	2	15
C	4	3	0	0	0	0	3	1
G	7	0	0	0	0	0	6	1
T	9	11	21	0	0	22	11	5

9456	brk	1.3000000000000003
	A	A	A	G	A	A	A	A
A	1	0	0	0	0	1	1	0
C	5	4	0	0	10	0	8	5
G	4	0	10	10	0	9	0	1
T	0	6	0	0	0	0	1	4

9465	exd	1.9411764705882355
	A	A	A	G	A	A	A	A
A	4	1	0	0	0	17	0	11
C	4	0	0	0	0	0	12	0
G	4	2	0	0	17	0	0	6
T	5	14	17	17	0	0	5	0

9472	inv	2.0
	A	A	A	G	A	A	A	A
A	4	1	0	16	16	0	0	11
C	0	9	0	0	0	0	0	0
G	3	0	0	0	0	0	0	5
T	9	6	16	0	0	16	16	0

9480	pan	1.6
	A	A	A	G	A	A	A	A
A	4	2	2	2	0	17	8	7
C	10	3	0	0	2	0	0	11
G	3	0	1	0	20	5	0	3
T	8	20	22	23	3	3	17	4

9487	slbo	3.5
	A	A	A	G	A	A	A	A
A	9	0	0	3	2	7	6	11
C	1	1	0	2	10	2	5	1
G	1	0	3	7	0	2	1	0
T	1	11	9	0	0	1	0	0

9490	tin	1.25
	A	A	A	G	A	A	A	A
A	0	1	0	16	16	0	0	3
C	9	0	11	0	0	0	0	0
G	3	0	1	0	0	16	0	13
T	4	15	4	0	0	0	16	0

9501	Ubx	1.8499999999999999
	A	A	A	G	A	A	A	A
A	3	0	0	17	20	0	0	14
C	5	0	0	0	0	0	0	0
G	3	0	0	0	0	0	6	6
T	9	20	20	3	0	20	14	0

9503	ARNT::HIF1A	1.278846153846154
	A	A	A	G	A	A	A	A
A	27	10	78	0	0	0	0	18
C	28	29	2	103	0	0	0	51
G	49	34	23	0	104	0	104	20
T	0	31	1	1	0	104	0	15

9514	AFT2	0.8709090909090909
	A	A	A	G	A	A	A	A
A	8	70	0	100	0	0	0	9
C	45	0	100	0	100	100	100	42
G	27	30	0	0	0	0	0	27
T	20	0	0	0	0	0	0	21

9516	ARG81	0.7350501481894085
	A	A	A	G	A	A	A	A
A	59	6	20	169	0	1	0	59
C	12	0	0	0	271	0	279	59
G	83	4	239	0	0	0	0	4
T	44	154	0	0	1	164	0	64

9518	ARR1	3.1783118716239502
	A	A	A	G	A	A	A	A
A	160	24	30	0	73	129	137	11
C	0	75	70	0	0	41	0	0
G	0	29	0	0	161	12	29	24
T	0	73	87	161	0	0	3	129

9525	CBF1	1.9344934493449344
	A	A	A	G	A	A	A	A
A	19	3	100	0	0	0	0	72
C	8	92	0	100	0	0	0	17
G	53	3	0	0	100	0	100	6
T	19	3	0	0	0	100	0	6

9526	CEP3	3.280891089108911
	A	A	A	G	A	A	A	A
A	4	0	0	0	0	91	92	42
C	56	0	100	0	0	1	3	21
G	4	0	0	100	100	1	3	21
T	36	100	0	0	0	7	3	16

9527	CHA4	2.642020202020202
	A	A	A	G	A	A	A	A
A	22	0	0	0	0	71	22	48
C	5	0	100	0	0	0	1	10
G	68	100	0	100	100	28	76	10
T	5	0	0	0	0	0	1	31

9539	FHL1	3.920588235294118
	A	A	A	G	A	A	A	A
A	0	100	0	0	0	90	48	55
C	10	0	100	0	100	0	28	15
G	90	0	0	100	0	0	18	15
T	0	0	0	0	0	10	8	15

9544	GAT1	2.329015901590159
	A	A	A	G	A	A	A	A
A	13	17	0	100	0	100	100	3
C	44	42	0	0	0	0	0	9
G	19	5	100	0	0	0	0	84
T	25	36	0	0	100	0	0	3

9548	GCR1	1.3730958446874995
	A	A	A	G	A	A	A	A
A	719	0	0	2460	2157	9	553	0
C	31	142	22	0	10	13	1703	1932
G	77	2318	2438	0	0	2326	0	15
T	1822	0	0	0	294	121	240	651

9553	GZF3	3.3396039603960395
	A	A	A	G	A	A	A	A
A	18	0	100	0	100	73	4	39
C	39	0	0	0	0	9	38	18
G	2	100	0	0	0	0	59	27
T	41	0	0	100	0	18	0	16

9554	HAC1	1.1876237623762376
	A	A	A	G	A	A	A	A
A	24	68	0	100	0	0	0	27
C	6	32	100	0	100	0	0	18
G	56	0	0	0	0	100	0	41
T	15	0	0	0	0	0	100	14

9556	HAP1	1.28
	A	A	A	G	A	A	A	A
A	0	0	0	89	5	51	4	57
C	100	0	0	0	26	4	4	11
G	0	100	100	11	53	4	4	11
T	0	0	0	0	16	41	88	21

9561	HCM1	3.9697179717971793
	A	A	A	G	A	A	A	A
A	51	27	67	95	100	1	95	57
C	16	8	32	5	0	86	2	17
G	25	4	1	0	0	0	2	11
T	8	61	1	0	0	13	2	14

9562	HMRA2	3.8412871287128714
	A	A	A	G	A	A	A	A
A	6	54	4	0	0	93	88	40
C	67	0	0	0	0	0	2	8
G	6	46	0	100	0	0	2	8
T	21	0	96	0	100	7	9	44

9563	HSF1	4.437818781878188
	A	A	A	G	A	A	A	A
A	69	2	19	0	100	100	6	48
C	13	2	0	0	0	0	56	11
G	13	2	81	100	0	0	19	23
T	6	95	0	0	0	0	19	17

9564	IME1	1.0567375886524824
	A	A	A	G	A	A	A	A
A	0	0	0	0	0	0	161	16
C	301	232	0	301	189	0	0	0
G	0	61	301	0	75	301	0	266
T	0	0	0	0	15	0	0	0

9569	LYS14	3.436633663366337
	A	A	A	G	A	A	A	A
A	21	4	0	0	100	100	6	13
C	49	82	0	0	0	0	0	13
G	21	10	100	100	0	0	0	7
T	10	4	0	0	0	0	94	68

9570	MAC1	1.6006119360378261
	A	A	A	G	A	A	A	A
A	108	89	0	115	0	0	0	958
C	0	0	0	0	1714	0	1714	0
G	0	219	0	1599	0	0	0	655
T	1632	1451	1714	0	0	1714	0	113

9579	MET4	1.527363184079602
	A	A	A	G	A	A	A	A
A	161	106	0	0	0	0	0	0
C	0	47	199	0	0	0	0	0
G	0	48	0	0	301	0	301	301
T	0	0	51	161	0	161	0	0

9588	NHP10	1.945098039215686
	A	A	A	G	A	A	A	A
A	20	8	0	0	0	0	0	68
C	10	78	100	0	0	0	0	8
G	60	8	0	100	100	100	100	18
T	10	8	0	0	0	0	0	8

9596	PDR1	1.771818181818182
	A	A	A	G	A	A	A	A
A	8	0	0	13	2	8	10	62
C	28	100	100	0	88	2	3	8
G	15	0	0	87	8	88	83	22
T	48	0	0	0	2	2	3	8

9597	PDR3	2.0
	A	A	A	G	A	A	A	A
A	0	0	0	0	0	0	0	203
C	0	203	203	0	203	0	0	0
G	0	0	0	203	0	203	203	0
T	203	0	0	0	0	0	0	0

9598	PDR8	3.5930463046304633
	A	A	A	G	A	A	A	A
A	38	0	0	0	100	8	100	13
C	15	100	0	0	0	8	0	6
G	38	0	100	100	0	85	0	6
T	8	0	0	0	0	0	0	75

9601	PHO4	1.253593445667664
	A	A	A	G	A	A	A	A
A	94	97	967	0	85	2	1	4
C	393	900	1	911	1	28	0	507
G	507	0	28	1	911	1	900	393
T	4	1	2	85	0	967	97	94

9602	PUT3	2.081206120612061
	A	A	A	G	A	A	A	A
A	9	2	0	0	0	0	52	46
C	72	90	100	0	0	0	15	13
G	9	2	0	100	100	100	19	17
T	9	6	0	0	0	0	15	25

9604	RDR1	3.3748514851485147
	A	A	A	G	A	A	A	A
A	25	0	0	0	0	100	86	27
C	11	0	100	0	0	0	0	48
G	11	100	0	100	100	0	0	13
T	54	0	0	0	0	0	14	13

9609	RFX1	1.33
	A	A	A	G	A	A	A	A
A	12	0	0	0	31	0	2	88
C	27	0	0	0	0	100	48	4
G	42	100	0	0	69	0	2	4
T	19	0	100	100	0	0	48	4

9616	RPH1	1.8990369036903691
	A	A	A	G	A	A	A	A
A	53	0	0	0	0	0	63	74
C	14	100	100	100	100	0	1	7
G	14	0	0	0	0	0	7	7
T	19	0	0	0	0	100	28	13

9619	RSC30	1.2615151515151517
	A	A	A	G	A	A	A	A
A	19	15	0	0	0	0	0	0
C	50	38	92	8	92	0	85	31
G	19	46	8	92	8	100	15	69
T	12	0	0	0	0	0	0	0

9626	SKO1	2.7195477646328103
	A	A	A	G	A	A	A	A
A	957	0	100	0	957	592	0	0
C	0	957	0	0	0	0	0	0
G	0	0	897	0	0	0	0	957
T	0	0	0	957	0	364	957	0

9632	SPT23	3.8725687516392746
	A	A	A	G	A	A	A	A
A	95	160	143	134	1	0	108	157
C	0	0	0	0	36	138	37	0
G	119	0	22	0	0	67	18	6
T	0	0	2	23	135	46	16	0

9633	SRD1	2.45
	A	A	A	G	A	A	A	A
A	66	6	97	13	0	4	46	24
C	9	2	0	0	99	19	30	42
G	19	90	0	2	0	3	13	18
T	6	2	3	85	0	74	11	16

9636	STB5	1.7055385538553856
	A	A	A	G	A	A	A	A
A	0	0	0	23	23	19	6	96
C	99	0	0	19	23	25	12	1
G	0	99	99	26	47	12	6	1
T	0	0	0	32	8	45	76	1

9638	STP1	1.289691380038145
	A	A	A	G	A	A	A	A
A	4	49	0	0	12	0	4	4
C	82	0	279	0	0	279	0	94
G	33	192	0	266	255	0	119	70
T	87	0	0	4	0	0	87	57

9645	SWI4	3.323861386138614
	A	A	A	G	A	A	A	A
A	62	0	15	0	0	100	94	62
C	8	100	0	100	0	0	2	8
G	15	0	85	0	100	0	2	8
T	15	0	0	0	0	0	2	23

9646	SWI5	0.3692079207920792
	A	A	A	G	A	A	A	A
A	8	0	0	0	0	0	4	25
C	8	0	100	0	0	0	4	25
G	23	100	0	0	100	100	27	10
T	62	0	0	100	0	0	65	40

9647	TBF1	2.3523282328232824
	A	A	A	G	A	A	A	A
A	61	46	15	0	0	0	75	38
C	11	11	84	100	100	1	8	19
G	12	35	1	0	0	0	11	27
T	16	8	1	0	0	99	5	17

9648	TBS1	0.5337413741374137
	A	A	A	G	A	A	A	A
A	12	3	2	75	20	0	0	8
C	78	3	2	8	13	100	100	8
G	5	90	95	8	13	0	0	75
T	5	3	2	8	53	0	0	8

9649	TEA1	1.9
	A	A	A	G	A	A	A	A
A	5	0	0	0	50	0	60	15
C	5	100	0	40	0	80	0	20
G	75	0	100	60	50	20	10	5
T	15	0	0	0	0	0	30	60

9650	TEC1	1.62
	A	A	A	G	A	A	A	A
A	52	0	100	5	0	0	0	10
C	7	95	0	0	0	91	68	47
G	34	5	0	0	0	9	0	15
T	7	0	0	95	100	0	32	28

9652	TOS8	2.4350505050505054
	A	A	A	G	A	A	A	A
A	28	1	0	0	0	100	64	50
C	47	16	0	0	100	0	7	15
G	20	1	100	0	0	0	7	15
T	5	82	0	100	0	0	22	19

9654	UGA3	1.018989898989899
	A	A	A	G	A	A	A	A
A	10	4	0	0	0	0	2	85
C	44	28	0	100	0	0	27	2
G	27	63	100	0	100	100	69	2
T	19	4	0	0	0	0	2	10

9660	YAP3	1.17
	A	A	A	G	A	A	A	A
A	65	0	0	100	0	0	2	50
C	19	0	0	0	100	0	2	12
G	12	0	0	0	0	100	2	19
T	4	100	100	0	0	0	94	19

9664	ERT1	3.6155555555555554
	A	A	A	G	A	A	A	A
A	51	6	0	0	0	100	100	4
C	10	47	100	0	0	0	0	63
G	22	6	0	100	100	0	0	4
T	16	41	0	0	0	0	0	28

9668	YER184C	1.4574747474747474
	A	A	A	G	A	A	A	A
A	28	2	0	0	0	0	69	46
C	37	17	77	100	0	0	31	15
G	6	10	15	0	100	100	0	23
T	28	71	8	0	0	0	0	15

9674	YLR278C	2.6313131313131315
	A	A	A	G	A	A	A	A
A	13	0	0	0	96	4	23	27
C	42	100	0	0	0	14	2	5
G	13	0	100	100	4	82	5	5
T	31	0	0	0	0	0	70	63

9676	YNR063W	3.4019607843137254
	A	A	A	G	A	A	A	A
A	8	0	0	0	100	10	90	33
C	8	100	0	0	0	0	0	3
G	18	0	100	100	0	80	0	3
T	68	0	0	0	0	10	10	63

9677	YOX1	2.1694169416941693
	A	A	A	G	A	A	A	A
A	1	0	100	100	0	0	62	54
C	25	0	0	0	0	0	3	13
G	7	0	0	0	0	0	15	13
T	66	100	0	0	100	100	21	19

9682	YRM1	4.180000000000001
	A	A	A	G	A	A	A	A
A	51	2	0	0	100	60	93	12
C	15	94	0	0	0	12	1	8
G	23	2	100	100	0	16	1	4
T	11	2	0	0	0	12	5	76

9921	SCGGAAGY	3.0
	A	A	A	G	A	A	A	A
A	0	0	0	0	6548	6548	0	0
C	4724	6548	0	0	0	0	0	2269
G	1824	0	6548	6548	0	0	6548	0
T	0	0	0	0	0	0	0	4279

9927	TGAYRTCA	2.222950819672131
	A	A	A	G	A	A	A	A
A	0	0	2440	0	544	0	0	2440
C	0	0	0	1794	0	0	2440	0
G	0	2440	0	0	1896	0	0	0
T	2440	0	0	646	0	2440	0	0

9929	MGGAAGTG	1.3887995712754555
	A	A	A	G	A	A	A	A
A	1451	0	0	3732	3732	0	0	0
C	2281	0	0	0	0	0	0	0
G	0	3732	3732	0	0	3732	0	3732
T	0	0	0	0	0	0	3732	0

9932	TGACGTCA	2.0
	A	A	A	G	A	A	A	A
A	0	0	1100	0	0	0	0	1100
C	0	0	0	1100	0	0	1100	0
G	0	1100	0	0	1100	0	0	0
T	1100	0	0	0	0	1100	0	0

9934	RYTTCCTG	0.5525265957446809
	A	A	A	G	A	A	A	A
A	2493	0	0	0	0	0	0	0
C	0	2704	0	0	4512	4512	0	0
G	2019	0	0	0	0	0	0	4512
T	0	1808	4512	4512	0	0	4512	0

9940	TGCGCANK	2.088366890380313
	A	A	A	G	A	A	A	A
A	0	0	0	0	0	3576	316	0
C	0	0	3576	0	3576	0	865	0
G	0	3576	0	3576	0	0	1531	2449
T	3576	0	0	0	0	0	864	1127

9942	GGGAGGRR	0.5591445955619183
	A	A	A	G	A	A	A	A
A	0	0	0	11176	0	0	3724	2525
C	0	0	0	0	0	0	0	0
G	11176	11176	11176	0	11176	11176	7452	8651
T	0	0	0	0	0	0	0	0

9944	TTAYRTAA	3.5514705882352944
	A	A	A	G	A	A	A	A
A	0	0	680	0	375	0	680	680
C	0	0	0	286	0	0	0	0
G	0	0	0	0	305	0	0	0
T	680	680	0	394	0	680	0	0

9956	TGACCTTG	1.0
	A	A	A	G	A	A	A	A
A	0	0	764	0	0	0	0	0
C	0	0	0	764	764	0	0	0
G	0	764	0	0	0	0	0	764
T	764	0	0	0	0	764	764	0

9959	TGACAGNY	2.123820754716981
	A	A	A	G	A	A	A	A
A	0	0	3392	0	3392	0	420	0
C	0	0	0	3392	0	0	1408	1569
G	0	3392	0	0	0	3392	1072	0
T	3392	0	0	0	0	0	492	1823

9964	WTTGKCTG	1.7476979742173113
	A	A	A	G	A	A	A	A
A	1624	0	0	0	0	0	0	0
C	0	0	0	0	0	2172	0	0
G	0	0	0	2172	1643	0	0	2172
T	548	2172	2172	0	529	0	2172	0

9967	CATTGTYY	1.0
	A	A	A	G	A	A	A	A
A	0	1404	0	0	0	0	0	0
C	1404	0	0	0	0	0	579	709
G	0	0	0	0	1404	0	0	0
T	0	0	1404	1404	0	1404	825	695

9974	GGGTGGRR	0.4701715137956749
	A	A	A	G	A	A	A	A
A	0	0	0	0	0	0	1339	1183
C	0	0	0	0	0	0	0	0
G	5364	5364	5364	0	5364	5364	4025	4181
T	0	0	0	5364	0	0	0	0

9975	ACCTGTTG	1.0
	A	A	A	G	A	A	A	A
A	480	0	0	0	0	0	0	0
C	0	480	480	0	0	0	0	0
G	0	0	0	0	480	0	0	480
T	0	0	0	480	0	480	480	0

9979	YTAATTAA	3.0
	A	A	A	G	A	A	A	A
A	0	0	552	552	0	0	552	552
C	205	0	0	0	0	0	0	0
G	0	0	0	0	0	0	0	0
T	347	552	0	0	552	552	0	0

9980	SMTTTTGT	0.3780821917808219
	A	A	A	G	A	A	A	A
A	0	552	0	0	0	0	0	0
C	886	908	0	0	0	0	0	0
G	574	0	0	0	0	0	1460	0
T	0	0	1460	1460	1460	1460	0	1460

9989	SYATTGTG	1.0
	A	A	A	G	A	A	A	A
A	0	0	1008	0	0	0	0	0
C	603	678	0	0	0	0	0	0
G	405	0	0	0	0	1008	0	1008
T	0	330	0	1008	1008	0	1008	0

9990	TTCYRGAA	2.518199233716475
	A	A	A	G	A	A	A	A
A	0	0	0	0	541	0	1044	1044
C	0	0	1044	458	0	0	0	0
G	0	0	0	0	503	1044	0	0
T	1044	1044	0	586	0	0	0	0

9997	WGGAATGY	1.5801393728222997
	A	A	A	G	A	A	A	A
A	666	0	0	1148	1148	0	0	0
C	0	0	0	0	0	0	0	489
G	0	1148	1148	0	0	0	1148	0
T	482	0	0	0	0	1148	0	659

10009	GTGGGTGK	1.0
	A	A	A	G	A	A	A	A
A	0	0	0	0	0	0	0	0
C	0	0	0	0	0	0	0	0
G	944	0	944	944	944	0	944	619
T	0	944	0	0	0	944	0	325

10012	TGATTTRY	1.5117021276595746
	A	A	A	G	A	A	A	A
A	0	0	940	0	0	0	481	0
C	0	0	0	0	0	0	0	321
G	0	940	0	0	0	0	459	0
T	940	0	0	940	940	940	0	619

10015	YATTNATC	2.179435483870968
	A	A	A	G	A	A	A	A
A	0	992	0	0	178	992	0	0
C	459	0	0	0	259	0	0	992
G	0	0	0	0	195	0	0	0
T	533	0	992	992	360	0	992	0

10020	ATGGYGGA	3.0
	A	A	A	G	A	A	A	A
A	476	0	0	0	0	0	0	476
C	0	0	0	0	401	0	0	0
G	0	0	476	476	0	476	476	0
T	0	476	0	0	75	0	0	0

10029	RACCACAR	4.139896373056994
	A	A	A	G	A	A	A	A
A	473	772	0	0	772	0	772	407
C	0	0	772	772	0	772	0	0
G	299	0	0	0	0	0	0	365
T	0	0	0	0	0	0	0	0

10045	WWTAAGGC	1.7765486725663717
	A	A	A	G	A	A	A	A
A	156	195	0	452	452	0	0	0
C	0	0	0	0	0	0	0	452
G	0	0	0	0	0	452	452	0
T	296	257	452	0	0	0	0	0

10047	RRAGTTGT	2.8828828828828827
	A	A	A	G	A	A	A	A
A	334	450	888	0	0	0	0	0
C	0	0	0	0	0	0	0	0
G	554	438	0	888	0	0	888	0
T	0	0	0	0	888	888	0	888

10050	TCCATTKW	0.20187793427230047
	A	A	A	G	A	A	A	A
A	0	0	0	852	0	0	0	172
C	0	852	852	0	0	0	0	0
G	0	0	0	0	0	0	348	0
T	852	0	0	0	852	852	504	680

10052	CATRRAGC	3.160569105691057
	A	A	A	G	A	A	A	A
A	0	492	0	161	240	492	0	0
C	492	0	0	0	0	0	0	492
G	0	0	0	331	252	0	492	0
T	0	0	492	0	0	0	0	0

10058	RNGTGGGC	0.7273936170212766
	A	A	A	G	A	A	A	A
A	1436	752	0	0	0	0	0	0
C	0	697	0	0	0	0	0	3008
G	1572	1117	3008	0	3008	3008	3008	0
T	0	442	0	3008	0	0	0	0

10063	YKACATTT	2.0
	A	A	A	G	A	A	A	A
A	0	0	820	0	820	0	0	0
C	312	0	0	820	0	0	0	0
G	0	404	0	0	0	0	0	0
T	508	416	0	0	0	820	820	820

10064	RRCCGTTA	1.8175675675675675
	A	A	A	G	A	A	A	A
A	155	208	0	0	0	0	0	444
C	0	0	444	444	0	0	0	0
G	289	236	0	0	444	0	0	0
T	0	0	0	0	0	444	444	0

10100	INR	2.283828382838284
	A	A	A	G	A	A	A	A
A	49	0	288	26	77	67	45	50
C	48	303	0	81	95	118	85	96
G	69	0	0	116	0	46	73	56
T	137	0	15	80	131	72	100	101

10104	BREu	1.4999999999999998
	A	A	A	G	A	A	A	A
A	12	3	1	6	4	0	0	1
C	7	8	14	4	15	0	20	18
G	2	11	7	12	2	22	1	1
T	1	0	0	0	1	0	1	2

10112	ETS class	4.039470021060596
	A	A	A	G	A	A	A	A
A	61	10	22	1	1	98	86	23
C	8	68	65	0	0	0	2	8
G	15	17	8	94	97	0	0	64
T	14	4	3	2	0	0	10	3

10118	bHLH(zip) class	1.1121588279172965
	A	A	A	G	A	A	A	A
A	61	21	3	83	4	5	5	2
C	12	35	90	1	65	25	4	0
G	22	26	1	8	21	67	0	94
T	3	16	3	6	9	0	90	2

10120	TRP(MYB) class	1.2957122242836525
	A	A	A	G	A	A	A	A
A	33	25	34	5	26	1	2	1
C	2	4	3	70	19	20	1	1
G	6	36	20	5	47	71	0	1
T	57	33	41	18	6	6	96	95

10581	Atoh1	1.2018408089188488
	A	A	A	G	A	A	A	A
A	0	7714	0	4249	1557	0	0	0
C	7714	0	0	3465	0	0	0	4780
G	0	0	7714	0	0	7714	7714	0
T	0	0	0	0	6157	0	0	2934

10660	GATA3	4.882886776145203
	A	A	A	G	A	A	A	A
A	4628	0	4628	0	4628	4628	1290	2796
C	0	0	0	0	0	0	0	712
G	0	4628	0	0	0	0	3338	1120
T	0	0	0	4628	0	0	0	0

10667	Mycn	0.4960798289379901
	A	A	A	G	A	A	A	A
A	528	0	0	1403	0	168	0	0
C	146	1135	1403	0	1403	0	0	0
G	566	268	0	0	0	1235	0	1403
T	163	0	0	0	0	0	1403	0

10673	Sox2	0.4532520325203252
	A	A	A	G	A	A	A	A
A	0	0	669	0	0	0	0	0
C	1476	1476	0	0	0	0	0	419
G	0	0	0	0	0	1476	0	297
T	0	0	807	1476	1476	0	1476	760

10701	elt-3	2.0
	A	A	A	G	A	A	A	A
A	0	0	0	0	722	0	0	722
C	108	432	0	0	0	0	722	0
G	0	124	0	0	0	0	0	0
T	614	166	722	722	0	722	0	0

10712	SMZ	0.9183673469387755
	A	A	A	G	A	A	A	A
A	0	0	0	0	0	0	135	0
C	105	119	0	147	0	0	12	147
G	0	28	0	0	147	25	0	0
T	42	0	147	0	0	122	0	0

10720	PIF4	2.0447761194029854
	A	A	A	G	A	A	A	A
A	0	335	0	49	0	0	0	64
C	335	0	335	0	0	0	99	206
G	0	0	0	286	0	335	183	65
T	0	0	0	0	335	0	53	0

10721	PIF5	1.3181818181818181
	A	A	A	G	A	A	A	A
A	0	0	286	0	91	0	0	0
C	78	286	0	286	0	0	0	95
G	0	0	0	0	195	0	286	161
T	208	0	0	0	0	286	0	30

10725	MYC2	1.52
	A	A	A	G	A	A	A	A
A	25	9	97	0	15	1	0	5
C	10	91	0	85	0	2	0	60
G	60	0	2	0	85	0	91	10
T	5	0	1	15	0	97	9	25

10726	ERF1B	1.0656605660566056
	A	A	A	G	A	A	A	A
A	42	1	0	4	2	2	1	58
C	54	1	98	96	0	92	98	5
G	3	98	1	0	97	2	1	24
T	1	1	1	0	1	4	1	12

10727	MYC3	1.561010101010101
	A	A	A	G	A	A	A	A
A	25	10	97	0	16	1	0	7
C	28	89	0	84	0	2	0	40
G	40	0	2	0	84	0	89	28
T	7	0	1	16	0	97	10	25

10728	MYC4	1.46020202020202
	A	A	A	G	A	A	A	A
A	38	5	99	0	2	0	0	2
C	18	95	0	94	0	1	0	72
G	36	0	0	0	98	0	98	8
T	8	0	1	6	0	99	2	17

10760	EHF	0.4926419060967064
	A	A	A	G	A	A	A	A
A	703	0	0	0	0	0	0	0
C	724	1427	0	0	1427	1427	0	707
G	0	0	0	0	0	0	0	720
T	0	0	1427	1427	0	0	1427	0

10767	Atf1	1.1824005994005995
	A	A	A	G	A	A	A	A
A	462	24	0	1000	0	7	90	600
C	86	16	22	0	1000	0	198	138
G	387	0	803	0	0	993	0	163
T	65	960	175	0	0	0	712	100

10768	Atf3	3.0720112050112047
	A	A	A	G	A	A	A	A
A	87	828	0	0	999	0	108	97
C	131	0	0	0	0	999	0	194
G	695	172	0	952	0	0	810	33
T	87	0	999	48	0	0	81	677

10770	Bhlha15	2.1438571428571427
	A	A	A	G	A	A	A	A
A	143	0	999	0	799	0	0	1
C	571	999	0	0	200	0	0	231
G	286	0	0	200	0	0	999	154
T	1	0	0	799	0	999	0	614

10774	Dux	2.704
	A	A	A	G	A	A	A	A
A	219	0	999	999	0	0	999	485
C	312	869	0	0	0	999	0	31
G	250	0	0	0	0	0	0	242
T	219	131	0	0	999	0	0	242

10776	FOXG1	3.8663743743743737
	A	A	A	G	A	A	A	A
A	374	1	997	997	997	1	997	498
C	1	1	1	1	1	997	1	167
G	623	1	1	1	1	1	1	2
T	1	997	1	1	1	1	1	333

10777	Foxj2	3.9001051051051054
	A	A	A	G	A	A	A	A
A	461	50	795	977	999	0	999	593
C	0	25	205	0	0	954	0	125
G	538	0	0	0	0	0	0	125
T	0	924	0	22	0	46	0	156

10781	Id2	1.7775004995004995
	A	A	A	G	A	A	A	A
A	278	0	999	0	0	0	0	500
C	167	999	0	999	0	0	0	46
G	499	0	0	0	999	0	999	273
T	56	0	0	0	0	999	0	182

10782	LBX1	2.120760760760761
	A	A	A	G	A	A	A	A
A	217	0	999	999	0	143	731	29
C	131	49	0	0	262	0	0	114
G	174	0	0	0	0	119	268	799
T	478	951	0	0	738	738	0	57

10786	Mlxip	1.2409999999999999
	A	A	A	G	A	A	A	A
A	53	0	999	0	0	0	0	188
C	263	999	0	999	0	0	0	63
G	421	0	0	0	999	0	999	250
T	263	0	0	0	0	999	0	499

10794	SHOX	1.9406696696696695
	A	A	A	G	A	A	A	A
A	179	74	852	991	15	98	416	301
C	301	30	48	2	15	50	48	187
G	162	9	55	5	27	84	424	379
T	357	886	45	2	943	768	111	133

10810	EN1	2.3280505013021124
	A	A	A	G	A	A	A	A
A	427	104	2891	2891	0	57	2891	689
C	1174	1328	99	28	0	483	0	683
G	765	5	71	0	0	162	30	1216
T	525	1562	0	0	2891	2891	132	302

10818	FOXO3	3.533379932229716
	A	A	A	G	A	A	A	A
A	21	0	532	532	532	15	532	317
C	0	0	16	1	10	532	11	12
G	532	13	5	0	0	0	0	36
T	0	532	1	0	0	3	0	215

10832	ISX	2.4727522532949995
	A	A	A	G	A	A	A	A
A	318	10	2065	2065	0	0	2065	770
C	863	1003	48	16	0	0	0	307
G	364	0	5	0	0	24	0	704
T	520	1061	24	10	2065	2065	49	283

10844	MSX1	2.241910770478025
	A	A	A	G	A	A	A	A
A	461	82	3073	3073	0	63	3073	855
C	1324	2117	332	107	0	205	118	814
G	787	33	139	0	31	251	105	945
T	501	956	16	0	3073	3073	91	460

10853	NKX6-1	2.378092258191634
	A	A	A	G	A	A	A	A
A	403	0	1407	2212	0	58	2212	1450
C	695	573	805	200	0	45	27	294
G	734	0	0	12	0	0	132	142
T	381	1640	195	40	2212	2212	17	327

10854	NKX6-2	2.3380179752513044
	A	A	A	G	A	A	A	A
A	3761	1172	11354	18935	584	2468	18935	9971
C	6072	7831	7581	310	0	2233	370	3457
G	5228	814	1053	191	0	551	775	1660
T	3874	11104	2582	546	18935	18935	678	3846

10859	PAX4	2.203110734061996
	A	A	A	G	A	A	A	A
A	37	58	333	333	0	18	333	150
C	333	30	2	0	0	11	89	93
G	47	120	0	0	5	10	11	333
T	105	333	3	0	333	333	12	41

10862	Pitx1	1.4735524429751101
	A	A	A	G	A	A	A	A
A	600	162	3116	3116	70	222	164	711
C	842	23	155	0	59	3116	3116	1275
G	338	0	210	0	467	42	138	430
T	1335	3116	49	17	3116	235	612	700

10864	Prrx2	2.342993979283621
	A	A	A	G	A	A	A	A
A	644	407	3849	3849	13	466	3849	1234
C	1522	2052	361	232	22	504	198	878
G	715	250	412	124	11	239	39	1035
T	969	1797	298	70	3849	3849	400	702

10888	LHX9	2.289747294222243
	A	A	A	G	A	A	A	A
A	283	125	1500	1500	0	71	1500	558
C	569	779	290	0	0	131	28	221
G	299	0	93	0	0	300	113	529
T	349	720	142	0	1500	1500	72	191

10889	LMX1A	2.5522845594140784
	A	A	A	G	A	A	A	A
A	798	587	6116	6116	173	962	6116	3348
C	1417	1352	375	43	63	389	123	841
G	1208	103	434	33	37	476	878	1353
T	2693	6116	401	120	6116	6116	394	575

10890	LMX1B	2.7939706392444155
	A	A	A	G	A	A	A	A
A	866	537	4101	4101	314	1349	4101	2104
C	965	1414	306	60	11	410	94	662
G	982	168	329	43	45	417	20	809
T	1287	2687	448	182	4101	4101	489	525

10891	Lhx4	2.2537100611283982
	A	A	A	G	A	A	A	A
A	422	217	2896	2896	0	0	2896	1314
C	817	912	428	0	0	446	39	449
G	495	0	309	0	0	57	316	857
T	1161	2896	255	155	2896	2896	135	275

10892	Lhx8	1.8218185204470883
	A	A	A	G	A	A	A	A
A	472	0	5092	5092	0	0	5092	1366
C	2588	1996	160	0	0	2083	0	1156
G	925	0	1670	0	0	88	1929	2156
T	1108	5092	0	0	5092	5092	0	414

10895	MSX2	2.4405888509313014
	A	A	A	G	A	A	A	A
A	517	105	3400	3400	0	52	3400	1198
C	1688	2592	161	28	0	169	61	791
G	835	44	67	0	0	72	0	892
T	360	807	84	0	3400	3400	21	518

10896	Msx3	2.443060348099844
	A	A	A	G	A	A	A	A
A	1381	312	8380	8380	0	121	8380	2689
C	3247	5798	160	89	0	215	59	1737
G	2496	29	237	38	0	105	88	2595
T	1256	2582	94	5	8380	8380	213	1360

10900	OTX1	1.3525707870921968
	A	A	A	G	A	A	A	A
A	5118	745	23441	23441	243	647	789	1873
C	6501	90	0	0	0	23441	23441	6182
G	3186	0	254	0	3160	659	8662	10599
T	8636	23441	544	0	23441	378	3363	4787

10901	OTX2	1.3570798515017233
	A	A	A	G	A	A	A	A
A	6051	971	28028	28028	370	1062	1094	2573
C	6846	136	43	0	62	28028	28028	7601
G	2453	0	360	0	2361	699	1630	8260
T	12678	28028	1328	0	28028	1228	8343	9594

10902	PDX1	2.207794740646243
	A	A	A	G	A	A	A	A
A	1483	292	4839	7130	0	0	7130	2181
C	2206	2469	2291	45	0	0	0	1216
G	2441	0	185	0	0	0	0	2881
T	999	4661	78	0	7130	7130	0	852

10906	PRRX1	2.498713190948977
	A	A	A	G	A	A	A	A
A	4132	2373	23897	23897	0	1264	23897	9498
C	9063	11122	1088	503	3	2302	644	4269
G	4339	1121	1776	202	0	1004	136	6366
T	6364	12775	810	209	23897	23897	1229	3765

10907	RAX2	2.271454166839563
	A	A	A	G	A	A	A	A
A	5334	3558	38860	38860	270	2167	38860	13411
C	15810	19645	3060	1523	738	4232	2644	7487
G	7049	1688	4490	757	125	2513	360	12362
T	10666	19215	2421	1030	38860	38860	4258	5601

10909	RHOXF1	1.241228595427489
	A	A	A	G	A	A	A	A
A	3224	2837	5543	10916	0	0	0	3223
C	2644	0	0	0	0	10916	10916	3453
G	1855	478	5373	0	3540	0	0	2117
T	3193	10916	1367	0	7376	0	2275	2123

10910	Shox2	2.4240357261361836
	A	A	A	G	A	A	A	A
A	2390	979	18179	18179	29	597	18179	6542
C	7695	9027	626	138	12	545	193	3021
G	3292	228	426	3	0	870	36	6337
T	4802	9152	766	79	18179	18179	895	2278

10911	UNCX	2.3275488433952054
	A	A	A	G	A	A	A	A
A	4980	3975	36926	36926	481	3111	36926	13811
C	13363	16800	2540	1302	806	3958	2211	7825
G	5711	2086	4582	420	117	1782	731	10480
T	12871	20126	2629	890	36926	36926	3885	4810

10912	VAX1	2.0154970122803815
	A	A	A	G	A	A	A	A
A	447	679	5253	5253	297	508	5253	977
C	2775	995	863	153	86	321	87	1911
G	455	101	189	46	213	1951	1332	933
T	2479	5253	302	133	5253	5253	398	1433

10913	VAX2	1.9736884502218819
	A	A	A	G	A	A	A	A
A	921	1410	14297	14297	576	1341	14297	2711
C	7816	2823	2781	213	161	987	179	5648
G	1384	221	414	94	564	5673	3818	2869
T	6482	14297	565	218	14297	14297	562	3069

10915	VSX1	2.0290686080818934
	A	A	A	G	A	A	A	A
A	756	1836	13572	13572	172	898	13572	2626
C	8453	3131	626	154	199	761	516	3555
G	561	572	553	172	103	984	3337	3658
T	5119	13572	554	90	13572	13572	1372	3732

10916	VSX2	2.08005690675905
	A	A	A	G	A	A	A	A
A	427	1080	13809	13809	118	626	13809	2891
C	9554	2725	397	124	186	567	321	3243
G	445	363	343	123	92	447	2109	4288
T	4255	13809	402	63	13809	13809	1014	3387

10969	GATA5	3.506406365554317
	A	A	A	G	A	A	A	A
A	2359	0	2359	0	2359	2359	401	975
C	1020	0	0	0	183	210	708	427
G	166	2359	5	0	30	356	989	755
T	1743	0	0	2359	535	352	261	202

10979	MEIS2	1.3624816653414902
	A	A	A	G	A	A	A	A
A	408	31	0	1351	9	1351	83	157
C	264	3	0	3	1351	7	98	701
G	314	40	1351	25	0	4	1351	650
T	1351	1351	0	62	5	0	67	88

10980	MEIS3	1.5688265609102148
	A	A	A	G	A	A	A	A
A	1866	465	0	7165	53	7165	1690	960
C	60	383	6	20	7165	8	1889	2342
G	1788	260	7165	455	8	468	7165	2888
T	3451	7165	0	53	160	145	2094	975

11010	MGA	1.7990345814226325
	A	A	A	G	A	A	A	A
A	30489	4310	16	12	14	1042	689	30489
C	1151	3737	509	3534	1	3089	1753	110
G	8873	30489	30489	96	30489	381	30489	920
T	4160	1929	104	30489	11	30489	6465	274

11012	TBX15	1.9631276548643557
	A	A	A	G	A	A	A	A
A	10502	458	19	61	0	140	44	10502
C	74	101	7	175	8	435	454	71
G	664	10502	10502	245	10502	324	10502	306
T	112	103	0	10502	0	10502	937	96

11014	TBX1	2.009701621687312
	A	A	A	G	A	A	A	A
A	11931	1560	0	28	0	142	141	11931
C	113	711	0	214	5	613	720	33
G	1007	11931	11931	141	11931	109	11931	18
T	564	669	0	11931	0	11931	1039	0

11015	TBX4	1.910952810837626
	A	A	A	G	A	A	A	A
A	18646	3082	38	0	0	1551	1355	18646
C	437	2328	189	1644	0	2859	5396	588
G	2353	18646	18646	191	18646	304	18646	1733
T	1283	1162	33	18646	0	18646	8384	965

11016	TBX5	1.7346064921346334
	A	A	A	G	A	A	A	A
A	1804	235	0	45	27	162	126	1804
C	89	190	0	131	0	225	616	76
G	409	1804	1804	166	1804	201	1804	343
T	207	133	28	1804	0	1804	915	283

11017	TEAD3	2.3514866145192874
	A	A	A	G	A	A	A	A
A	12530	2524	21444	0	4566	0	0	21444
C	66	18920	0	0	23	21444	21444	1039
G	8913	441	0	0	969	0	0	8654
T	1109	0	0	21444	16878	0	4	13663

11082	GMEB2	2.535456997701811
	A	A	A	G	A	A	A	A
A	34	25	239	4	0	0	239	239
C	75	10	0	239	4	21	66	84
G	109	86	5	0	239	0	12	24
T	239	239	0	0	0	239	9	5

11097	BARX1	2.151363679192315
	A	A	A	G	A	A	A	A
A	1872	590	3339	6805	0	0	6805	1917
C	1821	5138	1992	207	0	0	0	1391
G	2236	246	1386	192	0	0	0	2420
T	877	1667	87	0	6805	6805	0	1077

11098	BSX	2.122915481324151
	A	A	A	G	A	A	A	A
A	1449	688	4036	8832	0	96	8832	2770
C	3929	5585	2483	194	0	0	0	2369
G	2290	103	2197	1078	0	0	0	2417
T	1164	3247	116	66	8832	8832	0	1276

11102	Dlx3	2.3030503151245396
	A	A	A	G	A	A	A	A
A	1697	572	7323	7323	173	399	7323	2027
C	2338	4133	995	536	66	535	202	2131
G	2079	164	587	62	60	452	101	1356
T	1208	3190	643	299	7323	7323	691	1809

11103	Dlx4	2.2505930487306127
	A	A	A	G	A	A	A	A
A	2637	724	12054	12054	88	440	12054	3065
C	3928	6841	1500	744	85	868	316	3703
G	3679	145	739	55	38	542	134	2286
T	1811	5213	883	499	12054	12054	1127	2999

11104	DLX6	2.2984465668997647
	A	A	A	G	A	A	A	A
A	602	137	2623	2623	12	48	2623	703
C	925	1410	273	124	0	140	30	823
G	680	21	143	0	0	68	16	473
T	415	1212	184	56	2623	2623	193	624

11107	Dlx2	2.3995269925407174
	A	A	A	G	A	A	A	A
A	3170	543	13749	13749	0	260	13749	3710
C	3565	7409	684	289	0	393	46	3277
G	4739	135	488	15	0	565	55	3065
T	2275	6340	524	179	13749	13749	579	3697

11136	ISL2	2.4364767737307287
	A	A	A	G	A	A	A	A
A	1585	160	5631	3161	218	278	5631	5631
C	2616	5631	162	5631	130	718	206	1231
G	5631	126	134	171	169	13	59	3258
T	1102	1019	248	398	5631	5631	1354	1508

11137	dve	1.624
	A	A	A	G	A	A	A	A
A	276	0	999	999	0	0	0	348
C	379	0	0	0	0	999	971	217
G	138	0	0	0	0	0	0	348
T	207	999	0	0	999	0	29	87

11138	Ets21C	3.2280010010010014
	A	A	A	G	A	A	A	A
A	1	1	1	1	997	897	333	1
C	996	997	1	1	1	1	1	286
G	1	1	997	997	1	1	665	1
T	1	1	1	1	1	101	1	712

11139	gcm2	1.2328731268731268
	A	A	A	G	A	A	A	A
A	730	0	235	47	71	0	0	56
C	111	12	24	800	0	0	0	352
G	159	0	741	141	753	1000	1000	93
T	0	988	0	12	177	0	0	500

11142	fkh-2	3.7648508508508503
	A	A	A	G	A	A	A	A
A	416	29	828	942	999	57	999	434
C	0	0	172	0	0	914	0	217
G	541	0	0	0	0	0	0	131
T	42	971	0	57	0	29	0	217

11146	pal-1	3.435462537462538
	A	A	A	G	A	A	A	A
A	91	1	921	998	1	538	998	886
C	1	308	77	1	1	1	1	112
G	907	1	1	1	1	1	1	1
T	1	691	1	1	998	461	1	1

11148	unc-86	2.6780010010010007
	A	A	A	G	A	A	A	A
A	499	1	997	1	1	91	997	1
C	1	1	1	1	1	907	1	1
G	250	1	1	91	907	1	1	1
T	250	997	1	907	91	1	1	996

11149	vab-7	2.532
	A	A	A	G	A	A	A	A
A	212	18	787	992	0	8	894	613
C	600	117	165	8	24	24	0	227
G	153	0	32	0	8	136	97	53
T	35	865	16	0	969	832	9	107

11151	MATALPHA2	3.3739189189189194
	A	A	A	G	A	A	A	A
A	0	455	0	26	0	910	639	394
C	815	0	62	0	0	0	72	28
G	0	535	0	973	0	9	41	0
T	184	10	938	0	1000	80	247	577

11153	ABF3	2.0000000000000004
	A	A	A	G	A	A	A	A
A	971	10	971	10	10	10	10	10
C	10	971	10	971	10	10	10	10
G	10	10	10	10	971	10	971	10
T	10	10	10	10	10	971	10	971

11155	AHL12	3.420337662337662
	A	A	A	G	A	A	A	A
A	772	843	484	332	660	497	98	64
C	18	35	14	6	3	5	24	146
G	146	24	5	3	6	14	35	18
T	64	98	497	660	332	484	843	772

11156	AHL20	3.972100647100647
	A	A	A	G	A	A	A	A
A	774	753	120	250	774	843	648	54
C	66	6	4	6	4	8	12	28
G	73	5	13	6	4	1	3	18
T	88	235	862	738	218	148	337	900

11157	AHL25	3.67600999000999
	A	A	A	G	A	A	A	A
A	872	616	207	225	770	786	375	49
C	26	4	4	3	2	3	6	53
G	53	6	3	2	3	4	4	26
T	49	375	786	770	225	207	616	872

11158	NAC025	3.773979981979982
	A	A	A	G	A	A	A	A
A	1	965	0	0	0	827	930	50
C	421	0	999	0	276	173	0	599
G	1	35	0	999	69	0	0	50
T	578	0	0	0	655	0	69	300

11159	T11I18.17	2.9479340659340663
	A	A	A	G	A	A	A	A
A	544	66	813	102	94	143	459	805
C	217	630	120	858	49	565	402	40
G	80	38	43	24	812	112	48	96
T	159	267	24	16	45	180	91	59

11160	NAC055	3.564928866928867
	A	A	A	G	A	A	A	A
A	796	19	970	22	16	14	878	866
C	26	774	18	960	16	116	80	9
G	44	18	4	6	948	134	4	4
T	134	188	9	12	20	736	37	121

11161	NAC058	2.943789210789211
	A	A	A	G	A	A	A	A
A	370	95	913	257	26	116	628	770
C	124	674	34	694	38	693	245	88
G	344	55	22	26	908	72	20	26
T	162	177	31	23	28	120	107	116

11162	NAC080	3.447002997002997
	A	A	A	G	A	A	A	A
A	665	1	998	1	1	1	784	998
C	1	691	1	998	1	855	72	1
G	222	1	1	1	998	1	1	1
T	112	308	1	1	1	143	143	1

11165	ARF1	3.8741048851048854
	A	A	A	G	A	A	A	A
A	722	3	4	4	989	2	901	262
C	2	993	993	2	3	993	4	220
G	276	1	2	992	1	2	88	207
T	1	4	2	1	7	2	8	312

11166	ARF5	3.6114251814251817
	A	A	A	G	A	A	A	A
A	303	9	97	12	952	2	773	491
C	160	969	898	1	1	992	224	98
G	477	15	4	985	46	3	2	218
T	59	8	2	2	1	3	2	193

11169	ARR11	2.3179389389389384
	A	A	A	G	A	A	A	A
A	625	927	5	989	7	732	3	14
C	51	11	2	2	3	22	833	5
G	55	29	982	4	2	4	2	968
T	269	32	11	4	987	242	162	13

11170	ARR14	2.5399900099900097
	A	A	A	G	A	A	A	A
A	945	2	991	2	506	1	10	83
C	5	1	1	3	154	960	5	484
G	26	984	3	2	1	1	960	401
T	24	13	5	993	339	38	26	32

11173	ATHB-12	3.0294516084516085
	A	A	A	G	A	A	A	A
A	579	668	18	48	965	9	30	128
C	191	46	35	201	7	8	10	18
G	107	53	6	633	15	17	19	766
T	124	233	941	118	13	966	940	88

11174	ATHB-16	3.684
	A	A	A	G	A	A	A	A
A	72	999	999	0	545	999	0	67
C	214	0	0	0	318	0	0	1
G	1	0	0	0	137	0	0	67
T	713	0	0	999	0	0	999	865

11175	ATHB-51	2.790709677709677
	A	A	A	G	A	A	A	A
A	691	985	2	411	990	10	5	105
C	253	5	8	6	2	2	18	18
G	4	4	1	3	5	4	12	777
T	51	7	988	580	3	984	965	100

11180	BHLH3	1.385221329221329
	A	A	A	G	A	A	A	A
A	258	45	950	10	42	22	11	44
C	94	930	7	937	12	20	14	603
G	603	14	20	12	937	7	930	94
T	44	11	22	42	10	950	45	258

11181	BHLH13	1.398024006024006
	A	A	A	G	A	A	A	A
A	295	53	992	1	15	4	1	38
C	116	945	2	952	1	4	2	696
G	569	1	3	1	982	1	987	65
T	20	1	4	46	1	991	10	201

11182	AIB	1.212119241119241
	A	A	A	G	A	A	A	A
A	76	59	966	0	94	5	2	8
C	14	939	1	903	2	28	1	901
G	901	1	28	2	903	1	939	14
T	8	2	5	94	0	966	59	76

11185	BHLH34	0.9769040959040959
	A	A	A	G	A	A	A	A
A	154	0	727	0	0	0	0	96
C	39	999	0	848	0	0	0	143
G	653	0	242	0	999	0	999	476
T	154	0	31	152	0	999	0	286

11186	BHLH78	1.0399600399600404
	A	A	A	G	A	A	A	A
A	10	10	971	10	10	10	10	10
C	10	971	10	971	10	10	10	971
G	971	10	10	10	971	10	971	10
T	10	10	10	10	10	971	10	10

11190	BZIP60	2.140071952071952
	A	A	A	G	A	A	A	A
A	18	26	892	13	175	49	74	893
C	64	59	17	799	13	43	840	24
G	24	840	43	13	799	17	59	64
T	893	74	49	175	13	892	26	18

11195	CCA1	3.9039349349349344
	A	A	A	G	A	A	A	A
A	934	960	985	35	992	1	5	21
C	1	1	4	0	5	12	991	91
G	10	37	10	5	1	1	0	14
T	54	2	1	960	2	986	4	874

11198	CRF2	0.31606415206415206
	A	A	A	G	A	A	A	A
A	44	108	0	0	0	0	23	118
C	478	783	0	977	999	0	931	735
G	348	81	999	23	0	999	0	59
T	131	27	0	0	0	0	46	88

11199	CRF4	0.36775029975029977
	A	A	A	G	A	A	A	A
A	70	108	0	0	0	0	68	97
C	326	769	0	974	1000	13	756	790
G	535	62	1000	25	0	987	68	65
T	70	62	0	0	0	0	108	49

11200	DOF2.5	3.346230246230247
	A	A	A	G	A	A	A	A
A	756	598	990	986	744	4	8	238
C	26	1	1	1	1	1	198	44
G	182	12	4	8	254	977	65	557
T	36	389	5	6	1	18	729	160

11201	DREB1E	1.171142154142154
	A	A	A	G	A	A	A	A
A	978	9	6	3	3	2	169	1
C	2	15	1	3	992	2	0	790
G	15	3	991	2	1	992	828	1
T	4	973	3	992	4	4	2	208

11202	ERF008	1.0842797202797205
	A	A	A	G	A	A	A	A
A	148	335	27	39	66	320	70	100
C	787	15	889	934	44	524	828	417
G	24	634	58	19	865	56	68	329
T	41	17	26	8	26	101	34	154

11203	RAP2-10	0.3038501498501499
	A	A	A	G	A	A	A	A
A	33	22	117	6	4	9	8	33
C	128	942	5	912	981	7	838	859
G	757	14	872	78	9	952	85	16
T	83	22	7	4	6	32	69	92

11206	DOF5.6	2.7922057942057945
	A	A	A	G	A	A	A	A
A	254	364	432	955	928	613	50	152
C	257	170	84	35	40	308	28	247
G	262	227	108	1	1	56	884	213
T	228	239	376	10	32	24	38	388

11207	DOF5.7	3.3052746222746223
	A	A	A	G	A	A	A	A
A	448	684	970	899	363	485	102	174
C	86	12	4	3	42	61	191	215
G	224	61	10	79	589	443	460	408
T	241	243	16	19	6	11	247	204

11208	DRE1C	1.014009009009009
	A	A	A	G	A	A	A	A
A	990	3	3	3	3	3	3	5
C	3	3	3	3	990	3	3	495
G	3	3	990	3	3	990	990	5
T	3	990	3	990	3	3	3	495

11209	DREB2C	2.520898117898118
	A	A	A	G	A	A	A	A
A	110	809	4	7	8	776	5	806
C	757	3	985	986	3	158	977	50
G	121	185	3	3	984	47	5	27
T	13	3	8	4	4	19	13	117

11215	ERF4	0.5377643477643479
	A	A	A	G	A	A	A	A
A	169	65	24	12	12	6	56	123
C	517	726	18	899	976	6	662	800
G	225	115	952	83	12	988	131	39
T	90	94	6	6	0	0	150	39

11219	ERF043	0.2067942057942058
	A	A	A	G	A	A	A	A
A	1	1	1	1	1	1	1	200
C	77	1	1	998	1	1	250	101
G	1	998	1	1	998	998	1	599
T	921	1	998	1	1	1	749	101

11222	ERF098	1.3833733733733733
	A	A	A	G	A	A	A	A
A	215	248	96	26	151	192	190	125
C	317	356	63	746	769	39	448	677
G	270	222	804	166	10	756	170	99
T	198	173	37	62	70	13	192	98

11223	ERF105	0.17882317682317683
	A	A	A	G	A	A	A	A
A	1	1	1	1	1	1	1	101
C	126	1	998	927	1	143	998	101
G	250	998	1	72	998	855	1	698
T	623	1	1	1	1	1	1	101

11227	ERF13	0.8070320320320321
	A	A	A	G	A	A	A	A
A	217	0	16	0	0	97	0	461
C	478	49	951	983	16	645	999	103
G	283	951	32	16	983	145	0	282
T	22	0	0	0	0	113	0	154

11228	ERF3	0.8397027027027026
	A	A	A	G	A	A	A	A
A	80	14	0	0	14	57	79	581
C	760	0	885	985	0	643	904	23
G	80	985	114	14	985	186	0	279
T	80	0	0	0	0	114	16	116

11230	PHYPADRAFT_173530	0.205978121978122
	A	A	A	G	A	A	A	A
A	72	0	50	0	0	0	0	84
C	1	0	0	999	0	0	150	1
G	286	999	0	0	999	999	0	665
T	642	0	949	0	0	0	849	250

11232	ARF3	1.204000006000006
	A	A	A	G	A	A	A	A
A	2	2	1	2	2	3	618	575
C	4	3	16	990	8	24	124	95
G	77	991	2	1	980	964	212	191
T	917	3	981	6	10	10	46	139

11236	GATA10	1.0522112112112112
	A	A	A	G	A	A	A	A
A	100	841	0	999	0	0	0	111
C	67	27	0	0	0	999	111	111
G	133	132	999	0	0	0	84	740
T	699	0	0	0	999	0	805	37

11237	GATA11	1.1138589468589468
	A	A	A	G	A	A	A	A
A	167	902	0	999	0	0	0	44
C	42	0	0	0	0	999	0	131
G	167	97	999	0	0	0	0	695
T	624	0	0	0	999	0	999	131

11238	GATA12	1.4540290290290288
	A	A	A	G	A	A	A	A
A	190	599	189	968	7	6	59	382
C	282	112	67	2	22	738	230	146
G	146	230	738	22	2	67	112	282
T	382	59	6	7	968	189	599	190

11243	GT-1	1.6549999999999998
	A	A	A	G	A	A	A	A
A	0	0	30	999	971	30	0	624
C	150	67	0	0	29	970	939	167
G	649	0	0	0	0	0	0	125
T	200	932	970	0	0	0	61	84

11244	PHYPADRAFT_48267	1.3509460539460543
	A	A	A	G	A	A	A	A
A	154	1	998	1	53	1	1	143
C	461	998	1	998	1	1	1	642
G	154	1	1	1	946	1	998	72
T	231	1	1	1	1	998	1	143

11246	PHYPADRAFT_28324	0.18981018981018982
	A	A	A	G	A	A	A	A
A	72	0	0	0	0	0	0	118
C	72	0	0	999	0	0	217	1
G	286	999	0	0	999	999	0	705
T	571	0	999	0	0	0	782	177

11249	ATHB-15	3.0142272272272272
	A	A	A	G	A	A	A	A
A	93	722	926	46	274	928	26	28
C	172	193	32	10	62	16	15	57
G	60	57	15	16	282	10	32	193
T	675	28	26	928	381	46	926	722

11250	KAN1	2.4195718135718134
	A	A	A	G	A	A	A	A
A	433	259	618	128	898	54	36	63
C	129	213	16	192	14	87	147	876
G	237	285	43	58	68	19	169	18
T	200	242	323	623	20	840	648	44

11251	KAN4	2.8790039960039957
	A	A	A	G	A	A	A	A
A	11	941	905	2	893	92	21	14
C	10	12	2	102	3	2	26	965
G	965	26	2	3	102	2	12	10
T	14	21	92	893	2	905	941	11

11256	OJ1058_F05.8	1.6726676676676677
	A	A	A	G	A	A	A	A
A	661	3	990	3	3	3	3	5
C	332	990	3	990	3	3	3	5
G	3	3	3	3	990	3	990	495
T	3	3	3	3	3	990	3	495

11257	Os05g0497200	0.516021021021021
	A	A	A	G	A	A	A	A
A	3	3	3	3	3	3	3	495
C	990	3	661	990	3	990	990	5
G	3	990	332	3	990	3	3	495
T	3	3	3	3	3	3	3	5

11258	TCP4	1.114997004997005
	A	A	A	G	A	A	A	A
A	112	1	1	831	1	1	997	1
C	1	1	1	167	998	998	1	996
G	775	998	998	1	1	1	1	1
T	112	1	1	1	1	1	1	1

11259	MYB111	0.802
	A	A	A	G	A	A	A	A
A	229	5	3	874	18	6	6	525
C	4	2	12	7	4	8	4	30
G	757	636	4	10	976	858	5	390
T	10	357	981	109	2	128	985	55

11262	MYB4	0.66991658991659
	A	A	A	G	A	A	A	A
A	253	9	0	565	26	18	10	319
C	36	0	9	9	0	18	0	73
G	674	766	0	35	974	777	0	536
T	36	225	991	391	0	188	990	73

11263	MYB46	0.6869970149970149
	A	A	A	G	A	A	A	A
A	81	3	6	836	4	5	2	580
C	3	2	7	30	4	3	33	24
G	911	387	1	6	991	898	1	358
T	5	608	985	128	2	95	964	38

11264	MYB55	2.4190020020020016
	A	A	A	G	A	A	A	A
A	980	48	2	227	979	267	2	118
C	1	946	989	49	1	730	958	54
G	16	2	2	23	16	1	1	756
T	3	4	6	701	4	2	39	72

11265	MYB59	1.0543163983163983
	A	A	A	G	A	A	A	A
A	357	17	31	874	17	24	39	552
C	14	7	14	39	8	11	40	267
G	548	114	6	17	956	948	5	23
T	80	862	949	71	19	18	916	158

11270	TGA5	0.8294444444444444
	A	A	A	G	A	A	A	A
A	444	0	0	984	0	16	0	353
C	244	0	0	0	1000	0	98	294
G	289	0	906	16	0	984	0	206
T	22	1000	94	0	0	0	901	147

11271	ERF018	3.083454454454454
	A	A	A	G	A	A	A	A
A	581	1	6	2	718	3	44	735
C	1	993	990	2	8	991	943	10
G	412	2	2	993	65	1	1	70
T	6	4	1	2	208	5	12	184

11272	ERF094	0.6123463463463463
	A	A	A	G	A	A	A	A
A	346	0	0	122	25	0	0	241
C	461	0	999	877	0	951	999	104
G	192	999	0	0	975	49	0	482
T	0	0	0	0	0	0	0	173

11273	OsI_08196	1.085036038036038
	A	A	A	G	A	A	A	A
A	1	46	91	0	0	0	899	1
C	1	0	91	863	999	999	50	855
G	946	953	726	46	0	0	50	72
T	53	0	91	91	0	0	0	72

11274	RAP2-3	0.905028266028266
	A	A	A	G	A	A	A	A
A	119	147	7	6	16	6	109	257
C	232	761	6	746	977	3	780	664
G	543	33	982	244	4	976	26	6
T	107	58	5	4	3	15	85	73

11275	RAP2-6	0.27394218994218994
	A	A	A	G	A	A	A	A
A	34	27	7	2	12	4	20	66
C	271	958	2	894	985	3	947	921
G	681	7	989	104	2	990	14	2
T	14	8	2	1	1	3	20	10

11276	ERF109	0.5210760760760761
	A	A	A	G	A	A	A	A
A	38	50	3	3	13	4	38	207
C	287	936	5	827	982	13	862	773
G	661	8	989	168	2	978	13	2
T	13	6	3	2	3	5	86	18

11278	SPL1	1.1809999999999998
	A	A	A	G	A	A	A	A
A	31	10	14	2	984	2	53	81
C	880	924	2	8	6	982	13	8
G	8	13	982	6	8	2	924	880
T	81	53	2	984	2	14	10	31

11280	SPL12	1.0359715269715268
	A	A	A	G	A	A	A	A
A	272	143	8	947	5	76	249	278
C	182	49	38	46	994	78	53	262
G	211	761	12	5	0	744	538	151
T	335	47	942	2	1	102	159	310

11283	SPL7	0.6657142857142857
	A	A	A	G	A	A	A	A
A	51	42	43	885	39	65	286	118
C	777	26	12	62	922	106	208	614
G	123	912	89	22	14	798	365	41
T	49	20	856	31	25	31	142	227

11285	TCP15	1.037065065065065
	A	A	A	G	A	A	A	A
A	6	5	60	8	2	3	949	6
C	2	3	138	950	990	986	12	962
G	978	989	771	6	1	2	36	20
T	14	2	30	36	7	9	3	12

11289	TCP23	1.039949066949067
	A	A	A	G	A	A	A	A
A	5	10	37	7	4	12	954	10
C	3	5	88	971	984	980	10	959
G	966	980	835	8	8	3	31	11
T	26	5	41	13	4	6	5	21

11290	TCP5	1.008000008000008
	A	A	A	G	A	A	A	A
A	2	2	2	995	2	2	995	2
C	2	2	2	2	995	995	2	745
G	993	995	995	2	2	2	2	2
T	2	2	2	2	2	2	2	250

11291	TGA2	2.0828720518720516
	A	A	A	G	A	A	A	A
A	961	1	24	6	27	989	2	78
C	1	980	2	5	970	2	110	704
G	24	3	974	1	2	7	380	161
T	13	16	1	988	1	3	508	58

11296	TRB2	2.523
	A	A	A	G	A	A	A	A
A	368	349	372	0	0	0	980	454
C	126	0	628	1000	1000	6	0	74
G	69	611	0	0	0	0	7	398
T	437	40	0	0	0	994	13	74

11297	UNE10	1.480947480947481
	A	A	A	G	A	A	A	A
A	214	0	999	0	0	0	0	267
C	499	999	0	999	0	0	0	533
G	72	0	0	0	999	0	999	67
T	214	0	0	0	0	999	0	134

11298	WRKY12	1.3229042039042038
	A	A	A	G	A	A	A	A
A	172	70	20	10	8	971	29	25
C	707	33	62	15	6	6	949	722
G	76	819	5	29	954	10	5	101
T	46	78	913	946	33	14	16	151

11301	WRKY2	2.4306852386852387
	A	A	A	G	A	A	A	A
A	115	277	0	0	0	961	806	271
C	393	11	0	0	1000	19	0	528
G	246	713	1000	0	0	19	163	72
T	246	0	0	1000	0	0	31	129

11303	WRKY23	3.00514614014614
	A	A	A	G	A	A	A	A
A	698	1	1	1	998	998	167	143
C	1	1	1	998	1	1	831	143
G	300	998	1	1	1	1	1	712
T	1	1	998	1	1	1	1	1

11304	WRKY25	2.4114494494494494
	A	A	A	G	A	A	A	A
A	59	265	0	0	0	999	903	184
C	500	0	0	0	999	0	0	631
G	118	734	999	0	0	0	58	79
T	323	0	0	999	0	0	39	105

11307	WRKY38	1.2807792207792206
	A	A	A	G	A	A	A	A
A	152	69	26	8	9	955	16	15
C	672	28	30	23	16	17	951	679
G	73	849	21	39	961	10	13	17
T	104	55	923	930	14	18	20	289

11308	WRKY40	2.158437664437664
	A	A	A	G	A	A	A	A
A	246	378	1	32	23	672	591	247
C	267	127	1	0	977	148	105	270
G	204	439	912	0	0	49	123	270
T	283	55	86	967	1	130	182	213

11310	WRKY45	1.098992992992993
	A	A	A	G	A	A	A	A
A	60	15	6	4	4	988	6	8
C	875	4	18	3	3	5	986	531
G	25	892	2	11	985	2	3	11
T	40	89	974	982	7	4	5	450

11314	WRKY62	2.7032967032967035
	A	A	A	G	A	A	A	A
A	126	308	1	1	1	998	998	273
C	126	1	1	1	998	1	1	726
G	1	691	998	1	1	1	1	1
T	748	1	1	998	1	1	1	1

11315	WRKY63	2.466
	A	A	A	G	A	A	A	A
A	200	157	0	0	0	999	981	128
C	371	0	0	0	999	0	0	513
G	143	843	999	0	0	0	0	231
T	286	0	0	999	0	0	19	128

11316	WRKY75	3.0620000000000003
	A	A	A	G	A	A	A	A
A	302	500	0	0	0	1000	1000	260
C	279	17	0	0	1000	0	0	620
G	140	483	1000	0	0	0	0	0
T	279	0	0	1000	0	0	0	120

11318	ARALYDRAFT_495258	1.2572552552552554
	A	A	A	G	A	A	A	A
A	2	250	2	2	2	2	993	3
C	2	2	498	993	993	993	2	990
G	993	745	498	2	2	2	2	3
T	2	2	2	2	2	2	2	3

11319	ARALYDRAFT_496250	1.010006006006006
	A	A	A	G	A	A	A	A
A	3	2	2	994	2	2	994	3
C	3	2	2	2	994	994	2	990
G	990	994	994	2	2	2	2	3
T	3	2	2	2	2	2	2	3

11320	ARALYDRAFT_493022	1.0140090090090088
	A	A	A	G	A	A	A	A
A	3	3	3	332	3	3	990	5
C	3	3	332	661	990	990	3	985
G	990	990	661	3	3	3	3	5
T	3	3	3	3	3	3	3	5

11321	ARALYDRAFT_484486	1.2572552552552554
	A	A	A	G	A	A	A	A
A	2	250	2	2	2	2	993	3
C	2	2	498	993	993	993	2	990
G	993	745	498	2	2	2	2	3
T	2	2	2	2	2	2	2	3

11370	GATA3	3.8159149149149147
	A	A	A	G	A	A	A	A
A	502	0	999	0	914	862	114	423
C	226	0	0	0	2	15	301	188
G	1	999	0	0	0	76	476	321
T	271	0	0	999	83	47	109	68

11399	TFE3	2.405001001001001
	A	A	A	G	A	A	A	A
A	1	719	1	129	4	1	815	3
C	996	34	830	9	4	1	77	522
G	1	109	5	861	4	997	70	37
T	1	138	164	1	988	1	38	438

11400	VDR	3.0714946164946166
	A	A	A	G	A	A	A	A
A	222	356	555	24	17	61	55	886
C	280	45	24	25	23	31	743	19
G	43	567	386	919	70	82	28	76
T	455	32	34	32	890	827	174	19

11401	Smad4	1.1762644407934988
	A	A	A	G	A	A	A	A
A	88	0	0	0	0	595	0	492
C	250	0	0	1000	0	0	0	272
G	80	1000	0	0	0	404	1000	125
T	580	0	1000	0	1000	0	0	110

11565	SPL3	2.5949367088607596
	A	A	A	G	A	A	A	A
A	26	0	0	0	0	158	0	68
C	6	158	158	0	0	0	158	29
G	20	0	0	158	0	0	0	33
T	106	0	0	0	158	0	0	28

11570	GATA20	2.4736842105263155
	A	A	A	G	A	A	A	A
A	70	0	2	13	0	76	0	2
C	0	8	70	25	0	0	0	73
G	1	0	0	38	76	0	0	0
T	5	68	4	0	0	0	76	1

11634	AT3G24120	2.2683333333333335
	A	A	A	G	A	A	A	A
A	254	0	572	600	0	237	124	174
C	145	0	22	0	0	363	7	54
G	201	600	0	0	0	0	10	204
T	0	0	6	0	600	0	459	168

10660	GATA3	4.8829	/ 8 max
9563	HSF1	4.4378	/ 8 max
9394	FEV	4.3077	/ 8 max
9682	YRM1	4.1800	/ 8 max
